9.999999999999998890e-01 -1.572960912883572815e-01 -4.891355749928535390e-01 1.900244884606823101e-02 1.549788478053830236e-02 9.017365154881891443e-02 -1.180072557807624739e-01 -4.975980204670059359e-02 7.812099394921172280e-02 -5.674961102380172290e-02 -1.607199860160487452e-03 -2.543281563351855804e-02 4.738239818798144903e-02 -4.656192001708892546e-03 1.382565302046502402e-02 1.059665716756574422e-01 1.431364038895176216e-01 -5.519796157974041217e-02 1.147770277170019962e-02 -2.465249311697511117e-02 8.205774430586164347e-02 -2.949343774297297563e-02 -4.794414360608069761e-03 -6.773108210087583347e-02 1.272624519773202061e-02 -5.624027580062766069e-02 7.218782514163329944e-02 -2.307522724255027871e-02 1.016904506541368436e-01 -3.957687896501518865e-02 1.289089152763393809e-02 3.482463666126265484e-02 -1.750682359529146317e-02 -3.457639779082231218e-02 1.011988310856142166e-03 -3.778106624033055632e-04 1.804077368637459905e-02 -6.758690602418199189e-02 5.199868375154605149e-02 5.873483551366493610e-02 6.889696517691218380e-02 -5.154404152778271908e-02 -5.657275465704159761e-02 -8.578443747310228462e-02 -5.885335943740003378e-02 -6.664257307512104489e-02 1.527609583283762867e-02 5.917244217290745789e-02
-1.572960912883572815e-01 1.000000000000000000e+00 -2.090798973058421717e-01 -1.658787996309159197e-03 2.977009825132160073e-02 -3.696053777477376762e-02 -4.150774101255094023e-03 -6.078475930993688936e-02 -2.857673648115472906e-02 -4.308079783865955900e-03 5.830043317382772872e-02 9.223179499208668947e-03 -3.889039841269861797e-02 1.605210717531579956e-02 -2.471069195297764809e-02 -1.545056076797052431e-02 -2.016228706003475590e-02 5.251478036963629385e-04 -4.620958611142464098e-04 -1.627536893647465316e-02 4.541415718936951673e-02 1.428554831747240288e-02 -4.301399232024293723e-02 1.004511127997093078e-02 4.182658385729730831e-03 -1.260333268160107080e-02 -2.557581160651203195e-02 -1.210116695148322034e-02 -4.219163419206104632e-02 -2.550780375200393732e-02 7.341451647991100804e-04 -8.004818698684239286e-03 2.020598834273190647e-02 -2.982911466514555267e-03 1.893417107452080583e-02 1.585976706777660408e-02 1.440548797225293942e-02 -2.293195458791965138e-02 -1.534607300281323229e-02 -7.457380440794468546e-02 -9.261832066351682879e-02 -4.472232663750971837e-02 -6.184922348620659066e-02 3.104256707342754884e-02 -4.753322394827452085e-02 -8.700158434488637280e-03 -2.895455565069877599e-02 -3.639169306534790344e-02
-4.891355749928535390e-01 -2.090798973058421717e-01 1.000000000000000000e+00 -9.770514118839639106e-02 -8.947124064444025859e-02 2.404142131797859863e-02 1.688785601470424169e-01 9.034175659261531321e-02 -7.006842981571324847e-02 -6.545359244320277103e-02 7.602673841194587667e-02 -1.368289080092254494e-02 -9.319900411123063430e-03 2.817020626287862657e-03 9.838147916756419253e-03 -8.422346857682382407e-03 -1.065141294749719948e-02 1.278468568732605282e-01 5.828423866407318049e-02 1.423636103223283045e-01 -1.072010199840049971e-01 2.349279192886674292e-02 3.478615765891576034e-02 7.211026319543381580e-02 -2.716930667028296872e-02 6.615430907195660182e-02 -2.299824835969693088e-02 -3.255187686670158592e-02 -1.151072362591823300e-01 -3.106801295791610310e-02 6.167397017214598653e-02 -7.187076467348881004e-02 -5.008987610255755986e-03 4.882947267602655989e-02 1.044066191194627374e-01 -6.957545491286538930e-02 -4.502339685014764697e-02 7.536612683515442335e-02 -1.908777249437349291e-02 -5.009504332349080935e-02 -9.212612768848800829e-03 2.392499341302954316e-02 2.847862765880249244e-04 9.522178706758126221e-02 1.107462919161061737e-01 1.091386763903236419e-02 6.182543360145016653e-02 1.710836748581402375e-02
1.900244884606823101e-02 -1.658787996309159197e-03 -9.770514118839639106e-02 9.999999999999998890e-01 -2.410442562890544871e-01 -7.051015972195318060e-02 -1.461274766253385371e-01 -7.162996279407703388e-04 6.007272087684345507e-02 -1.045563080555707812e-02 -4.869769847073942420e-02 1.752830099239341757e-02 -3.404471434633905141e-02 1.169035194894210705e-02 7.647152213693829415e-02 3.517102551564638829e-02 4.500495321934244036e-02 3.647426939010829650e-02 1.404260288601557639e-02 -1.158514843228480515e-02 7.021474750790884962e-03 -1.576546058463994260e-02 1.801127832038313878e-02 -2.554225133666910771e-02 1.812946065161809631e-02 1.068548140612856148e-02 -4.019781024330515429e-02 2.315176598773809047e-02 5.115950418942513678e-02 -3.696231653452726473e-02 -1.247307925720072749e-02 9.566554455987209826e-02 1.246988768030289074e-01 -2.724663792722071265e-01 -6.079852415054858017e-02 7.026739457570162217e-02 3.705968200717265487e-02 -6.591697999430685961e-02 2.280355066080978765e-02 3.055968309785274742e-02 -1.079182629484576328e-02 3.428975067129142601e-02 2.901714392970123832e-02 1.616888154593977903e-02 -9.769168684771677158e-02 6.918519928545724396e-02 -1.695525092611479753e-02 1.995208294149599867e-02
1.549788478053830236e-02 2.977009825132160073e-02 -8.947124064444025859e-02 -2.410442562890544871e-01 9.999999999999998890e-01 -3.298624822339105700e-01 -6.836174014112230690e-01 -2.366425033631193442e-02 -4.342662154068586272e-02 5.240362962129959529e-02 8.300052063341058217e-02 6.698004339326123213e-02 -9.015219473077540346e-03 -3.217617207104263299e-02 4.879585030164780048e-03 -1.246341862406611656e-01 9.294315591699115961e-03 2.152353363876714082e-02 -4.161568173151032612e-02 1.041532006668397653e-02 1.053356579263686199e-01 3.949064263720474671e-02 -1.701783702110193711e-02 -1.110271967465703835e-01 9.400857677080626251e-02 -1.386490130161059375e-01 7.791886351744485573e-02 2.293706057271736182e-02 5.811565850139624456e-02 -4.556797893011022352e-03 1.293389844917915144e-02 -5.895112684942981074e-02 -6.541778035840578598e-02 1.059716831031302375e-01 -4.380500301240306676e-02 -4.028129470129201278e-02 1.001804874626076314e-02 1.701476112102395452e-02 -2.505217583618064153e-02 -7.256353638836374187e-02 -8.429496050257215267e-02 -2.134022030742707340e-02 -7.924591446419246288e-02 -1.877701301315786442e-01 -5.852565357784479394e-01 -7.833852182059788949e-02 -5.765460758225851579e-02 -4.139651084832243928e-03
9.017365154881891443e-02 -3.696053777477376762e-02 2.404142131797859863e-02 -7.051015972195318060e-02 -3.298624822339105700e-01 1.000000000000000000e+00 -1.999714612755977561e-01 -1.235628847157111201e-02 3.060300996785603536e-02 -5.434857999192171246e-02 -3.647824714638905202e-02 -3.423387555726268433e-02 2.560484227359305018e-02 9.717749287842058700e-03 -2.960249690547960694e-02 1.725122405005931336e-01 5.732202997713817250e-02 -2.243202449852622210e-02 -3.698879388159116363e-03 -9.494192016776341857e-04 -2.933309622611522324e-02 2.362358685723747742e-02 1.571697778246174820e-02 -1.838303041650090133e-02 -8.609242721717687286e-02 7.642920300366803921e-02 -1.172453533585267717e-03 -4.642667698112782487e-02 -7.275141087594109990e-02 2.160872545131809624e-02 1.337207555283452705e-02 1.416068508269673239e-02 9.780472292977208937e-02 -5.109227209144361070e-02 1.760413242285626192e-02 2.838647860522278826e-02 -2.294428884819926795e-02 -3.216938693730559025e-03 4.946419679647198059e-02 1.444852489382082716e-01 1.175835737125378727e-01 -1.636136381088310054e-02 -2.283467161451770491e-02 3.253257123455278316e-02 1.681236436916102583e-01 4.252590165134890327e-02 4.638445531684545764e-02 6.088798968813302626e-02
-1.180072557807624739e-01 -4.150774101255094023e-03 1.688785601470424169e-01 -1.461274766253385371e-01 -6.836174014112230690e-01 -1.999714612755977561e-01 1.000000000000000000e+00 4.207646522747088974e-02 -1.041207024069912279e-02 -1.730803062292977576e-02 -9.982547524985447077e-03 -5.076893163875774440e-02 -6.680524696531429940e-03 4.385296224553807826e-02 -3.808439670938026933e-02 -6.993969666937902008e-02 -7.357779411620446464e-02 -1.319385493187621300e-02 6.101144097310803177e-02 1.352942393163678730e-02 -1.129247834790023247e-01 -7.113986905897197455e-02 2.328636859509290030e-02 1.509682717161568710e-01 -5.619993784636685696e-02 9.021793458160246026e-02 -5.287851111216254618e-02 1.093635007509153115e-02 -3.202278911844207154e-02 5.330056799660982080e-03 -3.394625742019576065e-02 -7.426270626845565912e-04 -4.953025001614157902e-02 7.057133428974710077e-02 8.301149661073575770e-02 -1.163761514997966630e-02 -3.295700531089740259e-03 1.865817675118750267e-03 -8.439567638518582007e-03 -6.695313855917185697e-02 -2.677965602867749678e-02 4.213233195074247289e-02 8.622020909264029032e-02 1.828468362662448166e-01 5.286942058673856915e-01 2.176463755953936610e-02 4.311007238847535533e-02 -3.676987074606750255e-02
-4.975980204670059359e-02 -6.078475930993688936e-02 9.034175659261531321e-02 -7.162996279407703388e-04 -2.366425033631193442e-02 -1.235628847157111201e-02 4.207646522747088974e-02 1.000000000000000000e+00 -3.734517866931146013e-02 -1.593014494546627913e-01 -2.113173511945776739e-01 -3.734517866931146013e-02 -5.082346888003529822e-02 -7.774018867989354598e-02 -3.229288294115863905e-02 -1.110617168672978355e-01 -1.741511619097097993e-02 -2.016228706003475243e-02 3.164238304570368004e-02 1.118941472248298485e-01 -5.854859284917691281e-02 -4.807312594551363394e-02 9.354902794693170653e-03 6.009520218385060869e-02 -5.640959233653889543e-02 8.961015522962083313e-02 -3.956654201012210770e-02 -5.347419306251051385e-02 -3.491038286266077290e-02 -3.815943825241584902e-02 6.150464652790331443e-02 1.288628112208890231e-01 2.471649652894612314e-03 9.790954919804464515e-03 -1.413752456642697608e-01 1.576801523483297718e-01 -1.118572358684755547e-01 -3.332137302874445955e-02 1.830347407891199374e-01 1.756288228851963507e-01 2.857588857491228929e-01 -1.025120561007583087e-01 1.092066043131190434e-01 5.175879490986103060e-02 4.025430884102213294e-03 5.486157064902615760e-02 1.366929066918183000e-01 3.156382383680063353e-02
7.812099394921172280e-02 -2.857673648115472906e-02 -7.006842981571324847e-02 6.007272087684345507e-02 -4.342662154068586272e-02 3.060300996785603536e-02 -1.041207024069912279e-02 -3.734517866931146013e-02 1.000000000000000000e+00 -5.180951028807485870e-02 -6.872660931989869881e-02 -1.214574898785425287e-02 -1.652928484222758107e-02 -2.528339270606639114e-02 -1.050259402346312779e-02 -3.612053237648116255e-02 2.308391302860352337e-02 -2.857673648115472559e-02 -2.474652915602433556e-02 -4.655329259165562859e-03 -5.022977187867984361e-02 -1.319286864938655447e-03 -5.058208781387878161e-02 2.036513892631282296e-02 -1.429743098444298186e-02 2.627733981496694834e-02 -3.508028719138665125e-02 1.624760145185126237e-01 1.555295477386177058e-02 -3.881513958246581020e-02 1.981378013665935009e-02 8.019948353849105926e-02 1.892003845034860229e-02 -1.361405440575476911e-01 -1.128807751301285148e-02 8.000981883059458954e-02 -3.214392817871571800e-02 -1.247853516741312951e-01 1.868348926826404466e-01 8.893874040503528533e-02 9.152963335732133832e-02 -3.581139223755513967e-02 3.692777395075111380e-02 4.914926278334730975e-02 2.628938232567691602e-02 3.552750725455506350e-03 1.151419072683044637e-01 -2.705152111704508047e-02
-5.674961102380172290e-02 -4.308079783865955900e-03 -6.545359244320277103e-02 -1.045563080555707812e-02 5.240362962129959529e-02 -5.434857999192171246e-02 -1.730803062292977576e-02 -1.593014494546627913e-01 -5.180951028807485870e-02 1.000000000000000000e+00 -2.931636390793588842e-01 -5.180951028807485176e-02 -7.050813860423787993e-02 -1.078500960156762167e-01 -4.480038683939711192e-02 -1.540775373870667264e-01 -8.239789074136744107e-02 6.381944493717061663e-03 2.809101932732356588e-02 -8.143147355754477845e-02 8.168022162898594396e-02 1.997739523258259056e-02 -3.078840437619271425e-02 -6.448227883565305074e-02 1.004670637987143955e-01 -7.404239273164850421e-02 -8.673596945370795619e-02 5.997747429328279672e-02 -2.821566073053606918e-02 1.661829959490518371e-01 -4.462902126780626116e-02 -7.105036979407754194e-02 3.059466209078746252e-02 4.445537891496989351e-03 -4.049551553876715171e-02 -7.153012273766841400e-02 -2.077823953960182199e-02 6.439346208018835449e-02 -4.233471389185467643e-02 -3.229148499325903282e-02 5.493719961271095048e-02 -6.099218863817476577e-02 -5.464226316328415697e-03 -1.301474759800760606e-01 -7.667653055547199448e-02 -8.651507185862222782e-02 -5.358670898201436245e-02 9.590417951536893068e-03
-1.607199860160487452e-03 5.830043317382772872e-02 7.602673841194587667e-02 -4.869769847073942420e-02 8.300052063341058217e-02 -3.647824714638905202e-02 -9.982547524985447077e-03 -2.113173511945776739e-01 -6.872660931989869881e-02 -2.931636390793588842e-01 1.000000000000000000e+00 -6.872660931989869881e-02 -9.353080677240244167e-02 -1.430658458798253485e-01 -5.942883201504173263e-02 -2.043877013716992319e-01 -1.348210562406459458e-02 4.913369839806865091e-02 -4.625925277592532470e-02 4.377556451046719400e-03 -1.274761960428759736e-02 9.786276728553412046e-03 1.644932645170510107e-03 4.692774095324507566e-02 -8.668058804495313435e-03 -3.329416864311553204e-02 1.251422396146738836e-01 -5.391315426022474933e-03 1.147558727072782725e-01 -1.053151063380418639e-01 6.639946357405050736e-02 -1.179769276535701517e-01 -1.683756710096769374e-03 3.480083311203243518e-02 1.347054341265879751e-01 -1.093567004798043502e-01 5.567942539842174639e-03 8.580182859662850714e-02 -9.683924102960905778e-02 -5.327733513604834825e-02 -1.741546095113517545e-01 1.360173344574304444e-01 -9.000499975900849714e-02 -5.348509416221060991e-02 -3.237140277146340755e-02 -8.246417735743689914e-02 -8.224303280142908346e-02 6.324198898586867734e-02
-2.543281563351855804e-02 9.223179499208668947e-03 -1.368289080092254494e-02 1.752830099239341757e-02 6.698004339326123213e-02 -3.423387555726268433e-02 -5.076893163875774440e-02 -3.734517866931146013e-02 -1.214574898785425287e-02 -5.180951028807485176e-02 -6.872660931989869881e-02 1.000000000000000000e+00 -1.652928484222758107e-02 -2.528339270606639114e-02 -1.050259402346312779e-02 -3.612053237648116255e-02 -7.130632820353969246e-03 4.702309547957206348e-02 -2.474652915602433556e-02 1.909635063453628961e-02 4.711474726604852892e-02 1.808199056062980564e-02 -2.131812130086845232e-03 -6.413751222021341070e-02 4.527519811740277761e-02 -4.753541247426604915e-02 -3.304664735420481583e-03 -2.278739998378227077e-02 -2.581128664598336328e-02 4.699590891150568286e-03 -1.918972406936299280e-02 -2.157651079969556684e-02 -2.447454515136837302e-02 2.907856280840824537e-02 2.931651785753697573e-02 -3.834790133300687576e-02 -3.214392817871571800e-02 4.641406373245127170e-02 -4.593283075918734581e-02 -5.060003666583103021e-02 -9.582455880161690198e-02 2.085026401663737580e-02 -1.975871329332084050e-02 -2.610258774763264331e-02 -6.493024169229687226e-02 -4.720083106676600804e-02 -1.587131621643728813e-02 2.160229384166909364e-02
4.738239818798144903e-02 -3.889039841269861797e-02 -9.319900411123063430e-03 -3.404471434633905141e-02 -9.015219473077540346e-03 2.560484227359305018e-02 -6.680524696531429940e-03 -5.082346888003529822e-02 -1.652928484222758107e-02 -7.050813860423787993e-02 -9.353080677240244167e-02 -1.652928484222758107e-02 1.000000000000000000e+00 -3.440845025155607473e-02 -1.429309698147882175e-02 -4.915683412367628097e-02 1.646267703351540421e-02 -1.083094789848604994e-02 3.010593596891519494e-02 -3.572087594498097457e-02 3.902056841509240863e-03 -6.596052920489757151e-03 -1.488966480913342036e-02 -8.875955207274617217e-03 -2.682781036919695827e-02 -7.670925458551013879e-04 2.302142550192098555e-02 3.369334089089815257e-03 2.628373963128820615e-02 -3.398132940829626247e-02 -3.335373192415252985e-02 3.044659482033556380e-02 -1.095223540730951538e-03 5.417389265874676674e-02 1.980290409169765606e-02 1.370596179648682703e-02 4.431314651943033672e-02 -1.214357464402952488e-02 -6.251050009247489936e-02 -1.314700581971917082e-02 -4.043095024744432220e-02 3.652682206969420226e-02 2.900983402835709962e-02 1.736782276537350567e-02 5.991892214859435850e-02 2.995174660914232470e-02 -5.401715116772305703e-02 -6.717662345598530808e-03
-4.656192001708892546e-03 1.605210717531579956e-02 2.817020626287862657e-03 1.169035194894210705e-02 -3.217617207104263299e-02 9.717749287842058700e-03 4.385296224553807826e-02 -7.774018867989354598e-02 -2.528339270606639114e-02 -1.078500960156762167e-01 -1.430658458798253485e-01 -2.528339270606639114e-02 -3.440845025155607473e-02 1.000000000000000000e+00 -2.186289288483940496e-02 -7.519088413073646282e-02 -2.264277340191074399e-03 -2.171755676660373086e-02 -8.585668058148865356e-03 2.195272062242559566e-02 4.863330617711066235e-03 1.987039394500372466e-02 -2.057488747736492540e-02 1.424840995627419185e-02 5.456453926005235683e-02 -3.687683922420294854e-03 -5.715034520698710624e-02 -4.743575576247466979e-02 -5.373047781341780404e-02 1.521796666368048501e-02 -3.507506002038715542e-02 1.563553567080376294e-01 -7.587974456553525822e-03 -8.254343933400529534e-03 -9.788018809053618263e-02 1.419155952992042780e-01 0.000000000000000000e+00 4.751733362404818133e-03 -5.168476327061214022e-03 -1.812904648985768155e-02 -4.048303801183806422e-02 4.674374427452945152e-02 4.119125049986136627e-02 6.791578560741871884e-02 -1.137917418641361950e-02 4.120428217151645561e-02 1.683107626476207722e-02 4.496876060067917652e-02
1.382565302046502402e-02 -2.471069195297764809e-02 9.838147916756419253e-03 7.647152213693829415e-02 4.879585030164780048e-03 -2.960249690547960694e-02 -3.808439670938026933e-02 -3.229288294115863905e-02 -1.050259402346312779e-02 -4.480038683939711192e-02 -5.942883201504173263e-02 -1.050259402346312779e-02 -1.429309698147882175e-02 -2.186289288483940496e-02 1.000000000000000000e+00 -3.123391466766658325e-02 -3.229288294115863212e-02 1.887077533622455103e-02 -2.139865968541091595e-02 6.443580700737878975e-02 -1.537598988674309178e-02 -2.350953586682162991e-02 4.005220418943301192e-02 -6.746851100486947646e-03 4.807904365495985037e-03 -4.110451644063502219e-02 7.957284778075428278e-02 -1.970457409578135755e-02 -2.231936994063388191e-02 7.304805995377468275e-02 -2.221475815288636441e-02 -4.065927274908872485e-02 -2.116347142451125568e-02 1.834142777643386901e-02 3.705417255403464782e-02 -3.315995084001358006e-02 8.470945839863945614e-02 -5.855743468186672129e-02 -9.899866693717309513e-03 -8.236257140813561806e-02 -1.068313725582690776e-01 4.527245834159998594e-02 1.083786193378214434e-02 1.000108761532633901e-02 -8.818753098422239464e-03 1.770121549120837884e-02 -1.372414257909805937e-02 1.867979672735607319e-02
1.059665716756574422e-01 -1.545056076797052431e-02 -8.422346857682382407e-03 3.517102551564638829e-02 -1.246341862406611656e-01 1.725122405005931336e-01 -6.993969666937902008e-02 -1.110617168672978355e-01 -3.612053237648116255e-02 -1.540775373870667264e-01 -2.043877013716992319e-01 -3.612053237648116255e-02 -4.915683412367628097e-02 -7.519088413073646282e-02 -3.123391466766658325e-02 1.000000000000000000e+00 7.791327930366234722e-02 -2.935745614868207065e-02 2.124371339265561029e-02 -3.277787153053527552e-02 -3.298454422047478879e-02 2.224879431764956172e-02 4.565046272775860614e-02 -1.974942070277613954e-02 -8.087466342873841918e-02 3.967536842732926478e-02 8.884786823602216577e-04 -3.368803619909164354e-02 -4.632432131656961244e-02 -1.203908529868617100e-02 2.006088792771372128e-02 -3.686382770314177576e-02 7.090153727711910603e-02 -9.515527730999755185e-02 5.108308863887197487e-02 -5.961278232271653016e-02 5.068290702082829842e-03 -7.768230432028855499e-03 6.127812525233671502e-03 1.625214071016725104e-01 1.195403562436447020e-01 -3.012034203954574996e-02 -4.749541497417709979e-02 9.544796507020018774e-04 8.760455749851628338e-02 -3.267714449307472535e-04 8.822128418915439751e-02 4.634344372509097143e-02
1.431364038895176216e-01 -2.016228706003475590e-02 -1.065141294749719948e-02 4.500495321934244036e-02 9.294315591699115961e-03 5.732202997713817250e-02 -7.357779411620446464e-02 -1.741511619097097993e-02 2.308391302860352337e-02 -8.239789074136744107e-02 -1.348210562406459458e-02 -7.130632820353969246e-03 1.646267703351540421e-02 -2.264277340191074399e-03 -3.229288294115863212e-02 7.791327930366234722e-02 1.000000000000000000e+00 -8.786640747653830241e-02 -7.608946584531077473e-02 -1.603750879051644707e-01 -6.241928600358945603e-03 -1.332314333346098362e-02 5.274498996859469657e-02 -3.071734361720811213e-02 4.979409159593597848e-04 -1.615574058580652658e-02 1.734735616324110941e-02 2.948297892400905673e-02 -2.009273309073345351e-02 8.604579213780046837e-03 4.054667974192990160e-02 1.948710499294530399e-02 -1.307331671751175463e-02 1.335898857797154999e-03 -1.773826967308780866e-02 -1.191398838663099320e-02 1.973951221208392059e-02 7.563747251923588766e-03 -1.152537039591340282e-02 4.011059389571355188e-02 1.719180342795532945e-02 -1.985854795218996299e-02 1.655357430925319048e-02 -7.025466742446657975e-02 -1.921382136277358793e-02 3.181698380639462389e-04 -2.421693049690247512e-02 -3.294071068556223177e-03
-5.519796157974041217e-02 5.251478036963629385e-04 1.278468568732605282e-01 3.647426939010829650e-02 2.152353363876714082e-02 -2.243202449852622210e-02 -1.319385493187621300e-02 -2.016228706003475243e-02 -2.857673648115472559e-02 6.381944493717061663e-03 4.913369839806865091e-02 4.702309547957206348e-02 -1.083094789848604994e-02 -2.171755676660373086e-02 1.887077533622455103e-02 -2.935745614868207065e-02 -8.786640747653830241e-02 1.000000000000000000e+00 -5.822407850039505728e-02 -1.227199008951054826e-01 -6.364962088308367960e-02 4.036993355935749456e-02 -2.130072007378007448e-02 3.844787644482746541e-02 -3.141443425877862156e-02 1.220637732155064291e-02 1.714547726850806572e-02 -5.361460417784075227e-02 -6.072925905676274105e-02 -2.550780375200393732e-02 5.317308550759269198e-02 -8.004818698684239286e-03 7.584538453960964132e-04 -2.982911466514555267e-03 7.369859956925445873e-04 -1.066158254388995669e-02 -6.173780559536973418e-03 1.969249631899419942e-02 -3.852745216114137478e-02 -3.985841270079802656e-02 -6.046710251446657525e-02 -2.383716028350978469e-02 3.129765141199170042e-02 3.338217231241748933e-02 -6.694093094852265891e-02 -8.700158434488637280e-03 4.596493770736654293e-03 2.902177559615222099e-02
1.147770277170019962e-02 -4.620958611142464098e-04 5.828423866407318049e-02 1.404260288601557639e-02 -4.161568173151032612e-02 -3.698879388159116363e-03 6.101144097310803177e-02 3.164238304570368004e-02 -2.474652915602433556e-02 2.809101932732356588e-02 -4.625925277592532470e-02 -2.474652915602433556e-02 3.010593596891519494e-02 -8.585668058148865356e-03 -2.139865968541091595e-02 2.124371339265561029e-02 -7.608946584531077473e-02 -5.822407850039505728e-02 1.000000000000000000e+00 -1.062714634166801730e-01 -1.556937412528824373e-02 1.707670462126447200e-02 7.995972009882086964e-03 1.997185100764073060e-02 4.167280471483994497e-02 -4.985456438523206552e-02 -6.733136203271396919e-03 -2.283678864376107592e-02 -5.258957337073807276e-02 -1.258967839193278308e-02 -3.909837644870087919e-02 -3.100105977506121060e-02 1.644517363779178162e-02 -8.656149111103694522e-04 2.870745254665765106e-02 -4.798877470494548880e-02 -1.871202971412799440e-02 5.581002971940102197e-02 -5.406517388893895826e-02 -2.971718279807211358e-02 -5.639376720307433949e-02 3.201730550410925719e-02 -5.259193699609084754e-03 3.525811796172057672e-02 4.774362878453061731e-02 -5.687473420267598681e-03 5.796297580811037020e-03 -3.033390479247378632e-02
-2.465249311697511117e-02 -1.627536893647465316e-02 1.423636103223283045e-01 -1.158514843228480515e-02 1.041532006668397653e-02 -9.494192016776341857e-04 1.352942393163678730e-02 1.118941472248298485e-01 -4.655329259165562859e-03 -8.143147355754477845e-02 4.377556451046719400e-03 1.909635063453628961e-02 -3.572087594498097457e-02 2.195272062242559566e-02 6.443580700737878975e-02 -3.277787153053527552e-02 -1.603750879051644707e-01 -1.227199008951054826e-01 -1.062714634166801730e-01 1.000000000000000000e+00 -5.808646979881152556e-02 -5.483612682240743275e-02 1.077843894593451821e-03 1.053029814224280825e-01 -4.322525146684980807e-02 8.166687741128643430e-02 -4.327258912943474090e-02 -1.960293841417965616e-02 -5.260312191521836905e-02 5.847486866716536391e-02 -2.611848605834317036e-02 2.735607646481410735e-02 -1.956407772340512316e-02 6.899094692428784162e-03 -2.738503037583519401e-03 2.696358503981175284e-02 -4.913794929323662963e-02 2.522976452892848609e-02 1.395430710089686464e-02 6.847357141224726107e-02 9.942132270098306968e-02 2.914627079033467461e-02 8.133460212185915361e-02 9.368284733414598831e-02 -1.520504902149461685e-02 3.312218372247604375e-02 8.995643763968767803e-02 -3.137508446182036854e-03
8.205774430586164347e-02 4.541415718936951673e-02 -1.072010199840049971e-01 7.021474750790884962e-03 1.053356579263686199e-01 -2.933309622611522324e-02 -1.129247834790023247e-01 -5.854859284917691281e-02 -5.022977187867984361e-02 8.168022162898594396e-02 -1.274761960428759736e-02 4.711474726604852892e-02 3.902056841509240863e-03 4.863330617711066235e-03 -1.537598988674309178e-02 -3.298454422047478879e-02 -6.241928600358945603e-03 -6.364962088308367960e-02 -1.556937412528824373e-02 -5.808646979881152556e-02 9.999999999999998890e-01 -3.263985151675620200e-01 -2.091865009378350848e-01 -2.652461046995926996e-01 1.872394098933989059e-01 -2.249828921735868292e-01 6.579095647502143651e-02 -6.949006530896959617e-04 -2.320123100871203728e-02 8.221189749962196092e-02 -4.559978210385690067e-02 -6.231325491705928810e-02 1.146887191483600930e-02 -6.864556212252567909e-03 -2.129897821830611243e-02 -1.073665088947524521e-01 6.359630007488933923e-02 -7.464287862592148756e-03 -7.056306173774283541e-02 -3.996966111796260851e-02 -4.370284860690452911e-02 -2.861608330728392449e-02 -1.588216027645505124e-01 -2.249258310276823769e-01 -1.010113790968193426e-01 -4.876414722244944155e-02 -7.283738627467363502e-02 -3.700428426119178882e-02
-2.949343774297297563e-02 1.428554831747240288e-02 2.349279192886674292e-02 -1.576546058463994260e-02 3.949064263720474671e-02 2.362358685723747742e-02 -7.113986905897197455e-02 -4.807312594551363394e-02 -1.319286864938655447e-03 1.997739523258259056e-02 9.786276728553412046e-03 1.808199056062980564e-02 -6.596052920489757151e-03 1.987039394500372466e-02 -2.350953586682162991e-02 2.224879431764956172e-02 -1.332314333346098362e-02 4.036993355935749456e-02 1.707670462126447200e-02 -5.483612682240743275e-02 -3.263985151675620200e-01 1.000000000000000000e+00 -3.286879023938578670e-01 -4.167725229925776653e-01 8.724235817549276864e-03 -4.572316333819296391e-02 4.978943780782284917e-02 -2.023127036664907480e-02 7.014212310158234043e-02 -4.828498640812028952e-02 6.513415216724224334e-03 -1.065536712303633143e-01 3.061384068909776129e-02 3.286799129066876601e-02 4.806795884211064601e-02 -7.222746251141159979e-02 6.443165109331019935e-02 7.188956369298295235e-02 -1.319026849686617264e-01 -4.485679851003741836e-02 -2.078668193976365361e-02 -7.038976556736767365e-02 -1.461688091730014571e-01 -1.574919818219420176e-01 -5.842947013216165386e-02 -3.236732198123534743e-02 -9.021816687459262296e-02 -3.868875862627525059e-02
-4.794414360608069761e-03 -4.301399232024293723e-02 3.478615765891576034e-02 1.801127832038313878e-02 -1.701783702110193711e-02 1.571697778246174820e-02 2.328636859509290030e-02 9.354902794693170653e-03 -5.058208781387878161e-02 -3.078840437619271425e-02 1.644932645170510107e-03 -2.131812130086845232e-03 -1.488966480913342036e-02 -2.057488747736492540e-02 4.005220418943301192e-02 4.565046272775860614e-02 5.274498996859469657e-02 -2.130072007378007448e-02 7.995972009882086964e-03 1.077843894593451821e-03 -2.091865009378350848e-01 -3.286879023938578670e-01 1.000000000000000000e+00 -2.671065636652599773e-01 -3.958124316421508804e-02 6.703439783132464358e-02 -9.199390330364749443e-03 -1.508506461669340687e-02 2.319045795836357365e-02 1.644737652372871631e-02 7.411456625697751543e-02 -6.427987609462118557e-02 -2.714550018021709421e-02 1.602559451410189365e-02 4.045609257473886666e-02 -6.622012422655457198e-02 -5.275520899326716952e-03 5.124683561951066252e-02 -3.529889651880551565e-02 6.705803410908038609e-02 5.214301388417252880e-02 -1.083302320602459561e-02 -3.529586088862535220e-02 -6.583653571245488834e-02 4.281961091286309862e-02 2.208430707038906704e-02 3.603757385167152133e-02 -7.853398988822261201e-03
-6.773108210087583347e-02 1.004511127997093078e-02 7.211026319543381580e-02 -2.554225133666910771e-02 -1.110271967465703835e-01 -1.838303041650090133e-02 1.509682717161568710e-01 6.009520218385060869e-02 2.036513892631282296e-02 -6.448227883565305074e-02 4.692774095324507566e-02 -6.413751222021341070e-02 -8.875955207274617217e-03 1.424840995627419185e-02 -6.746851100486947646e-03 -1.974942070277613954e-02 -3.071734361720811213e-02 3.844787644482746541e-02 1.997185100764073060e-02 1.053029814224280825e-01 -2.652461046995926996e-01 -4.167725229925776653e-01 -2.671065636652599773e-01 1.000000000000000000e+00 -1.563213968839279600e-01 1.957649246157267264e-01 -8.974239751805548893e-02 -4.327001426435434298e-03 -4.305753238463855270e-02 -3.648969900858425180e-02 -1.951855419951187276e-02 1.659363447576214234e-01 -4.229074054117580583e-02 -4.103886804020711460e-02 -4.265833687976674365e-02 1.680550556036711496e-01 -5.520655920492266444e-02 1.243508645589914453e-02 8.133549057342460975e-02 2.645113371900190483e-02 -1.808823750539571493e-02 1.362354110342267055e-01 3.075341240025311618e-01 3.836735977992465907e-01 1.153959331374877217e-01 8.126171192890986605e-02 8.338592425244743811e-02 5.314366717667776130e-02
1.272624519773202061e-02 4.182658385729730831e-03 -2.716930667028296872e-02 1.812946065161809631e-02 9.400857677080626251e-02 -8.609242721717687286e-02 -5.619993784636685696e-02 -5.640959233653889543e-02 -1.429743098444298186e-02 1.004670637987143955e-01 -8.668058804495313435e-03 4.527519811740277761e-02 -2.682781036919695827e-02 5.456453926005235683e-02 4.807904365495985037e-03 -8.087466342873841918e-02 4.979409159593597848e-04 -3.141443425877862156e-02 4.167280471483994497e-02 -4.322525146684980807e-02 1.872394098933989059e-01 8.724235817549276864e-03 -3.958124316421508804e-02 -1.563213968839279600e-01 1.000000000000000000e+00 -7.380356889809379650e-01 -2.133571939666611128e-01 -7.741974285244574913e-03 -1.090703708791171747e-02 3.626630109956367060e-02 2.791521093821131005e-02 -8.829712222365984631e-02 -4.668909205968799214e-02 4.256520239652985399e-02 -1.196381652179007993e-01 -1.008715895691652126e-01 1.081096875161026427e-02 7.613290339892269699e-03 -5.407006833059882500e-02 -7.302403188515305121e-02 -1.158488292859524288e-01 -7.702206385613563633e-02 1.929216231886296540e-02 -2.227055663728410295e-01 -9.647716985460375039e-02 -2.034311810208655757e-01 -7.596578967969556950e-02 5.120214147392177645e-02
-5.624027580062766069e-02 -1.260333268160107080e-02 6.615430907195660182e-02 1.068548140612856148e-02 -1.386490130161059375e-01 7.642920300366803921e-02 9.021793458160246026e-02 8.961015522962083313e-02 2.627733981496694834e-02 -7.404239273164850421e-02 -3.329416864311553204e-02 -4.753541247426604915e-02 -7.670925458551013879e-04 -3.687683922420294854e-03 -4.110451644063502219e-02 3.967536842732926478e-02 -1.615574058580652658e-02 1.220637732155064291e-02 -4.985456438523206552e-02 8.166687741128643430e-02 -2.249828921735868292e-01 -4.572316333819296391e-02 6.703439783132464358e-02 1.957649246157267264e-01 -7.380356889809379650e-01 9.999999999999998890e-01 -3.504871107008864506e-01 2.565682859112412839e-02 -4.488656165190739282e-03 -1.492766756535695259e-02 -2.106000070013636094e-02 1.648177698872300978e-01 6.877388620494674643e-02 -6.750156905272861052e-02 7.673579298040959784e-02 1.671225874092017172e-01 -1.808352174774346954e-02 -2.180723750622754267e-02 7.297008845897076657e-02 1.046368524073875150e-01 1.883611569017634990e-01 1.106970765893681430e-01 6.050491810926888342e-02 2.613817327301761195e-01 1.169041006941162475e-01 2.834830588527944562e-01 8.028972846691484477e-02 -2.899570021775159032e-02
7.218782514163329944e-02 -2.557581160651203195e-02 -2.299824835969693088e-02 -4.019781024330515429e-02 7.791886351744485573e-02 -1.172453533585267717e-03 -5.287851111216254618e-02 -3.956654201012210770e-02 -3.508028719138665125e-02 -8.673596945370795619e-02 1.251422396146738836e-01 -3.304664735420481583e-03 2.302142550192098555e-02 -5.715034520698710624e-02 7.957284778075428278e-02 8.884786823602216577e-04 1.734735616324110941e-02 1.714547726850806572e-02 -6.733136203271396919e-03 -4.327258912943474090e-02 6.579095647502143651e-02 4.978943780782284917e-02 -9.199390330364749443e-03 -8.974239751805548893e-02 -2.133571939666611128e-01 -3.504871107008864506e-01 9.999999999999997780e-01 -1.347036086567040755e-02 5.011564932224962104e-02 -1.921304354049840207e-02 -1.869058935962189527e-02 -1.166371290380575076e-01 -2.164490917945558965e-02 1.877968923761283090e-02 1.838704386322278367e-02 -9.961208196008938809e-02 3.113907241821510866e-02 2.895165470136407820e-02 -7.420607182354924114e-02 -7.800164957719293857e-02 -1.755747655643589145e-01 4.732210873413912090e-03 -1.069363835063385365e-01 -1.560016495840662321e-01 -3.320559031783654191e-02 -1.172085865466282739e-01 -2.938847562861245447e-02 -4.758322184056381493e-02
-2.307522724255027871e-02 -1.210116695148322034e-02 -3.255187686670158592e-02 2.315176598773809047e-02 2.293706057271736182e-02 -4.642667698112782487e-02 1.093635007509153115e-02 -5.347419306251051385e-02 1.624760145185126237e-01 5.997747429328279672e-02 -5.391315426022474933e-03 -2.278739998378227077e-02 3.369334089089815257e-03 -4.743575576247466979e-02 -1.970457409578135755e-02 -3.368803619909164354e-02 2.948297892400905673e-02 -5.361460417784075227e-02 -2.283678864376107592e-02 -1.960293841417965616e-02 -6.949006530896959617e-04 -2.023127036664907480e-02 -1.508506461669340687e-02 -4.327001426435434298e-03 -7.741974285244574913e-03 2.565682859112412839e-02 -1.347036086567040755e-02 1.000000000000000000e+00 -4.842617062860865573e-02 -1.806450047210205953e-02 -3.868024681452083419e-02 6.547198532883406752e-02 -2.208935947969320815e-02 8.113428751069287279e-03 -3.604281970281951464e-02 -6.954216900953240875e-03 -2.773712588378227095e-02 -8.669733017308995163e-03 2.743817584412142074e-02 3.297826519844515580e-02 7.920839987055584841e-02 -1.407564500393961547e-02 -4.339967868722151962e-04 -1.457819066613957361e-02 4.241625472524402155e-03 -3.281674300106384584e-02 -1.607391636703071544e-02 -6.633786375082019460e-02
1.016904506541368436e-01 -4.219163419206104632e-02 -1.151072362591823300e-01 5.115950418942513678e-02 5.811565850139624456e-02 -7.275141087594109990e-02 -3.202278911844207154e-02 -3.491038286266077290e-02 1.555295477386177058e-02 -2.821566073053606918e-02 1.147558727072782725e-01 -2.581128664598336328e-02 2.628373963128820615e-02 -5.373047781341780404e-02 -2.231936994063388191e-02 -4.632432131656961244e-02 -2.009273309073345351e-02 -6.072925905676274105e-02 -5.258957337073807276e-02 -5.260312191521836905e-02 -2.320123100871203728e-02 7.014212310158234043e-02 2.319045795836357365e-02 -4.305753238463855270e-02 -1.090703708791171747e-02 -4.488656165190739282e-03 5.011564932224962104e-02 -4.842617062860865573e-02 9.999999999999998890e-01 3.132749059655181439e-02 -1.268561128797101034e-01 -7.496845169678770238e-02 -3.073024151392413778e-02 -5.009711738612309534e-02 2.911292318633980358e-02 -6.698316350887047188e-02 6.305538695530374382e-02 2.089637922001717427e-02 -8.492957472636980532e-02 -4.297229796014672559e-02 -6.346964363766929851e-02 -6.544173236722775414e-03 -2.912760272844922352e-02 -2.205845693013055997e-02 -2.131184361204120983e-02 3.658872587522650488e-02 -7.350288940257124204e-02 -9.725553545119845766e-02
-3.957687896501518865e-02 -2.550780375200393732e-02 -3.106801295791610310e-02 -3.696231653452726473e-02 -4.556797893011022352e-03 2.160872545131809624e-02 5.330056799660982080e-03 -3.815943825241584902e-02 -3.881513958246581020e-02 1.661829959490518371e-01 -1.053151063380418639e-01 4.699590891150568286e-03 -3.398132940829626247e-02 1.521796666368048501e-02 7.304805995377468275e-02 -1.203908529868617100e-02 8.604579213780046837e-03 -2.550780375200393732e-02 -1.258967839193278308e-02 5.847486866716536391e-02 8.221189749962196092e-02 -4.828498640812028952e-02 1.644737652372871631e-02 -3.648969900858425180e-02 3.626630109956367060e-02 -1.492766756535695259e-02 -1.921304354049840207e-02 -1.806450047210205953e-02 3.132749059655181439e-02 9.999999999999998890e-01 -3.874754515435812618e-01 -2.344976859088624410e-01 1.226847472127222741e-02 7.013894063133472960e-03 9.732600142508622543e-02 -1.759807061642678638e-01 2.132150747565665985e-02 1.884236815778362814e-02 -3.559922663456654979e-02 -3.921552899124220587e-02 -2.420964212731397530e-02 -1.790031502823299231e-02 -2.521104754107307208e-02 -1.822097058768988934e-02 1.831780725327492813e-03 -6.284235142287511629e-03 -2.282648565151719489e-02 -4.287254392351038529e-02
1.289089152763393809e-02 7.341451647991100804e-04 6.167397017214598653e-02 -1.247307925720072749e-02 1.293389844917915144e-02 1.337207555283452705e-02 -3.394625742019576065e-02 6.150464652790331443e-02 1.981378013665935009e-02 -4.462902126780626116e-02 6.639946357405050736e-02 -1.918972406936299280e-02 -3.335373192415252985e-02 -3.507506002038715542e-02 -2.221475815288636441e-02 2.006088792771372128e-02 4.054667974192990160e-02 5.317308550759269198e-02 -3.909837644870087919e-02 -2.611848605834317036e-02 -4.559978210385690067e-02 6.513415216724224334e-03 7.411456625697751543e-02 -1.951855419951187276e-02 2.791521093821131005e-02 -2.106000070013636094e-02 -1.869058935962189527e-02 -3.868024681452083419e-02 -1.268561128797101034e-01 -3.874754515435812618e-01 1.000000000000000000e+00 -3.007848719452514419e-01 2.403998328359402761e-02 -1.226790372920172865e-02 1.609342572755144418e-01 -2.384657265241613977e-01 -1.560738221105640311e-01 1.048522709786075952e-01 4.702573331821203323e-02 1.623719057135528665e-01 1.183484936932810289e-01 1.499381913499895844e-02 -4.497315448364383461e-02 -1.305675183526389949e-01 1.671571271211451382e-02 -7.310827986282925073e-02 6.868478913667347419e-02 1.044392761390821600e-01
3.482463666126265484e-02 -8.004818698684239286e-03 -7.187076467348881004e-02 9.566554455987209826e-02 -5.895112684942981074e-02 1.416068508269673239e-02 -7.426270626845565912e-04 1.288628112208890231e-01 8.019948353849105926e-02 -7.105036979407754194e-02 -1.179769276535701517e-01 -2.157651079969556684e-02 3.044659482033556380e-02 1.563553567080376294e-01 -4.065927274908872485e-02 -3.686382770314177576e-02 1.948710499294530399e-02 -8.004818698684239286e-03 -3.100105977506121060e-02 2.735607646481410735e-02 -6.231325491705928810e-02 -1.065536712303633143e-01 -6.427987609462118557e-02 1.659363447576214234e-01 -8.829712222365984631e-02 1.648177698872300978e-01 -1.166371290380575076e-01 6.547198532883406752e-02 -7.496845169678770238e-02 -2.344976859088624410e-01 -3.007848719452514419e-01 1.000000000000000000e+00 -4.238731655051436453e-02 -6.661560809155675500e-02 -4.764962707197144542e-01 7.798526409663611991e-01 -1.163600096146617663e-01 -6.323607644814925599e-02 1.966718455347739314e-01 1.707976824839147756e-01 2.080629136508042321e-01 4.154845676187590708e-02 1.934395707069775650e-01 2.002690656674679659e-01 -1.935922979831691815e-02 7.754783897948203109e-02 1.399303904819249045e-01 5.427594069885635641e-02
